# name: debug
# type: sparse matrix
# nnz: 144
# rows: 12
# columns: 12

1 1 16764951.350832839
2 1 -5666006.385900863
3 1 4110080.314877036
4 1 664559.814076077
5 1 -447918.723022472
6 1 -131692.108200510
7 1 -7044145.820875173
8 1 64922.922483208
9 1 -1929213.869985528
10 1 -652366.438369358
11 1 249075.116919318
12 1 -252346.048860803
1 2 -5437097.760469673
2 2 101923299.856404737
3 2 -21710252.865098529
4 2 5769087.692922080
5 2 -393029.493281977
6 2 1072875.931414997
7 2 -8388489.653521453
8 2 -42634895.828344412
9 2 5797205.416462777
10 2 -1809907.722372042
11 2 1048784.590287134
12 2 -407209.399164513
1 3 4012943.959546551
2 3 -21681787.730834585
3 3 12047987.199298380
4 3 -1527103.198562534
5 3 99951.046760364
6 3 -231468.013389300
7 3 1704258.090820534
8 3 6417933.469363628
9 3 -4220437.663067892
10 3 333684.491277162
11 3 -288958.135830736
12 3 21291.756393755
1 4 721934.533977867
2 4 5777485.558333779
3 4 -1551074.802835471
4 4 4744636.884615500
5 4 479251.975487107
6 4 1077440.363286280
7 4 -1186087.794301106
8 4 -850154.340486411
9 4 578928.675912720
10 4 -3227187.687428296
11 4 248171.375399047
12 4 -1560243.188337322
1 5 -499424.464032459
2 5 -395237.130880326
3 5 61008.431289030
4 5 472522.267235245
5 5 307104.135200593
6 5 264951.726369124
7 5 229833.544718578
8 5 833830.394816105
9 5 -188028.196275805
10 5 -204460.155710375
11 5 -246096.871716529
12 5 -195702.685859797
1 6 -125337.726022029
2 6 1080892.151093516
3 6 -249626.542374432
4 6 1082469.662619671
5 6 282936.661674548
6 6 323000.263713801
7 6 -95848.917778877
8 6 294191.528936843
9 6 -4378.502381982
10 6 -640750.483957069
11 6 -48054.633120250
12 6 -362757.870746873
1 7 -7044145.820875173
2 7 -8388489.653521453
3 7 1704258.090820534
4 7 -1186087.794301106
5 7 229833.544718578
6 7 -95848.917778877
7 7 9015541.148523916
8 7 6917630.796518828
9 7 -9978.984092117
10 7 1150637.236090094
11 7 -400700.275736107
12 7 423700.676702702
1 8 64922.922483208
2 8 -42634895.828344412
3 8 6417933.469363628
4 8 -850154.340486411
5 8 833830.394816105
6 8 294191.528936843
7 8 6917630.785177339
8 8 49342079.800685309
9 8 -6800987.146329438
10 8 663973.172271109
11 8 -1043252.003450346
12 8 -186590.397754569
1 9 -1929213.869985528
2 9 5797205.416462777
3 9 -4220437.663067892
4 9 578928.675912720
5 9 -188028.196275805
6 9 -4378.502381982
7 9 -9978.989500399
8 9 -6800987.146035556
9 9 5044870.679201407
10 9 -500847.394998578
11 9 280518.274792285
12 9 -107385.232645799
1 10 -652366.438369358
2 10 -1809907.722372042
3 10 333684.491277162
4 10 -3227187.687428296
5 10 -204460.155710375
6 10 -640750.483957069
7 10 1150637.236096773
8 10 663973.172266815
9 10 -500847.394994651
10 10 3188097.247905439
11 10 -174156.955693693
12 10 1572361.450535847
1 11 249075.116919318
2 11 1048784.590287134
3 11 -288958.135830736
4 11 248171.375399047
5 11 -246096.871716529
6 11 -48054.633120250
7 11 -400700.275725623
8 11 -1043252.003450376
9 11 280518.274797317
10 11 -174156.955693649
11 11 283427.378734600
12 11 22318.296223417
1 12 -252346.048860803
2 12 -407209.399164513
3 12 21291.756393755
4 12 -1560243.188337322
5 12 -195702.685859797
6 12 -362757.870746873
7 12 423700.676703758
8 12 -186590.397754676
9 12 -107385.232644557
10 12 1572361.450535868
11 12 22318.296223401
12 12 833354.390378580
